metadata:
  code: AB
  fia_code: 951
  scientific_name: Tilia americana
  common_name: american basswood
  valid_site_species: true
site_index:
  min: 35
  max: 85
  site_index_group: 3
  height_growth_equation: 'NC-128: 951'
density:
  sdi_max: 450
height_diameter:
  model: curtis_arney
  curtis_arney:
    p2: 526.1392688
    p3: 3.89232121
    p4: -0.22587084
    dbw: 0.1
  wykoff:
    b1: 4.4772
    b2: -4.7206
bark_ratio:
  b1: -0.45
  b2: 0.9
crown_ratio:
  equation: 4.3.1.6
  d0: 50.0
  d1: -16.0
  d2: null
  weibull:
    a: 4.0
    b0: -6.0
    b1: 1.0
    c: 2.8
diameter_growth:
  model: ln_dds
  coefficients:
    b1: -1.251887
    b2: 1.349337
    b3: -0.000447
    b4: 0.193148
    b5: 0.279322
    b6: -0.000287
    b7: -0.002547
    b8: -0.001176
    b9: -0.3804
    b10: 0.160386
    b11: -0.088382
  dbh_bounds:
    lower_limit: 42.8
    upper_limit: 60.0
volume:
  pulpwood:
    min_dbh: 6
    top_diameter: 4
  sawtimber:
    min_dbh: 10
    top_diameter: 7
