metadata:
  code: AH
  fia_code: 391
  scientific_name: Carpinus caroliniana
  common_name: american hornbeam
  valid_site_species: true
site_index:
  min: 15
  max: 40
  site_index_group: 1
  height_growth_equation: 'NC-128: 391'
density:
  sdi_max: 400
height_diameter:
  model: curtis_arney
  curtis_arney:
    p2: 628.0209077
    p3: 3.88103963
    p4: -0.15387585
    dbw: 0.2
  wykoff:
    b1: 3.855
    b2: -2.6623
bark_ratio:
  b1: -0.45
  b2: 0.9
crown_ratio:
  equation: 4.3.1.6
  d0: 50.0
  d1: -16.0
  d2: null
  weibull:
    a: 4.0
    b0: -6.0
    b1: 1.0
    c: 2.8
diameter_growth:
  model: ln_dds
  coefficients:
    b1: -1.281144
    b2: 1.335625
    b3: 1.0e-06
    b4: 0.111128
    b5: 0.003444
    b6: 0.005347
    b7: -0.003852
    b8: -0.000644
    b9: -0.224489
    b10: 0.031993
    b11: -0.160702
  dbh_bounds:
    lower_limit: 17.3
    upper_limit: 27.0
volume:
  pulpwood:
    min_dbh: 6
    top_diameter: 4
  sawtimber:
    min_dbh: 10
    top_diameter: 7
