metadata:
  code: AS
  fia_code: 756
  scientific_name: Platanus occidentalis
  common_name: american sycamore
  valid_site_species: true
site_index:
  min: 35
  max: 105
  site_index_group: 3
  height_growth_equation: 'NC-128: 756'
density:
  sdi_max: 450
height_diameter:
  model: curtis_arney
  curtis_arney:
    p2: 251.4042514
    p3: 3.26919806
    p4: -0.35905996
    dbw: 0.2
  wykoff:
    b1: 4.4819
    b2: -4.5314
bark_ratio:
  b1: -0.45
  b2: 0.9
crown_ratio:
  equation: 4.3.1.6
  d0: 50.0
  d1: -16.0
  d2: null
  weibull:
    a: 4.0
    b0: -6.0
    b1: 1.0
    c: 2.8
diameter_growth:
  model: ln_dds
  coefficients:
    b1: -2.954457
    b2: 1.461691
    b3: 0.0
    b4: 0.377819
    b5: 0.185353
    b6: 0.007104
    b7: -0.002027
    b8: -0.000779
    b9: -0.619659
    b10: 0.020132
    b11: -0.020785
  dbh_bounds:
    lower_limit: 60.7
    upper_limit: 60.0
volume:
  pulpwood:
    min_dbh: 6
    top_diameter: 4
  sawtimber:
    min_dbh: 10
    top_diameter: 7
