metadata:
  code: BB
  fia_code: 951
  scientific_name: Tilia americana
  common_name: basswood
  valid_site_species: true
site_index:
  min: 35
  max: 85
  site_index_group: 3
  height_growth_equation: 'NC-128: 951'
density:
  sdi_max: 450
height_diameter:
  model: curtis_arney
  curtis_arney:
    p2: 170.5253403
    p3: 2.68833651
    p4: -0.40080716
    dbw: 0.1
  wykoff:
    b1: 4.4388
    b2: -4.0872
bark_ratio:
  b1: 0.2179
  b2: 0.9229
crown_ratio:
  acr_equation: 4.3.1.3
  d0: 3.7275
  d1: -0.1124
  d2: 0.0282
  a: 4.1939
  b0: 1.25
  b1: 0.8795
  c: 3.15
diameter_growth:
  model: ln_dds
  coefficients:
    b1: -1.092055
    b2: 1.024946
    b3: -0.000653
    b4: 0.20677
    b5: 0.489441
    b6: 0.002354
    b7: -0.002005
    b8: -0.001848
    b9: -0.192793
    b10: -0.112449
    b11: 0.113349
  dbh_bounds:
    lower_limit: 38.4
    upper_limit: 54.0
volume:
  pulpwood:
    min_dbh: 6
    top_diameter: 4
  sawtimber:
    min_dbh: 10
    top_diameter: 7
