metadata:
  code: BC
  fia_code: 767
  scientific_name: Prunus serotina
  common_name: black cherry
  valid_site_species: true
site_index:
  min: 35
  max: 105
  site_index_group: 3
  height_growth_equation: 'NC-128: 767'
density:
  sdi_max: 450
height_diameter:
  model: curtis_arney
  curtis_arney:
    p2: 364.0247807
    p3: 3.55987361
    p4: -0.27263121
    dbw: 0.1
  wykoff:
    b1: 4.3286
    b2: -4.0922
bark_ratio:
  b1: -0.12958
  b2: 0.94152
crown_ratio:
  acr_equation: 4.3.1.5
  d0: 45.06
  d1: null
  d2: -0.96
  a: 4.2932
  b0: -7.1512
  b1: 1.0504
  c: 2.7738
diameter_growth:
  model: ln_dds
  coefficients:
    b1: -2.610023
    b2: 1.22031
    b3: -0.000234
    b4: 0.520739
    b5: 0.181418
    b6: 0.003897
    b7: -0.002494
    b8: -0.001904
    b9: -0.071719
    b10: -0.028196
    b11: -0.180664
  dbh_bounds:
    lower_limit: 26.9
    upper_limit: 84.0
volume:
  pulpwood:
    min_dbh: 6
    top_diameter: 4
  sawtimber:
    min_dbh: 10
    top_diameter: 7
