metadata:
  code: BD
  fia_code: 375
  scientific_name: Betula lenta
  common_name: sweet birch
  valid_site_species: true
site_index:
  min: 35
  max: 90
  site_index_group: 3
  height_growth_equation: 'NC-128: 375'
density:
  sdi_max: 450
height_diameter:
  model: curtis_arney
  curtis_arney:
    p2: 293.5715132
    p3: 3.52261899
    p4: -0.35122247
    dbw: 0.1
  wykoff:
    b1: 4.582
    b2: -5.0903
bark_ratio:
  b1: -0.35979
  b2: 0.95322
crown_ratio:
  equation: 4.3.1.7
  d0: 0.0283
  d1: -0.012
  d2: null
  weibull:
    a: 4.2656
    b0: -26.6773
    b1: 1.558
    c: 4.4024
diameter_growth:
  model: ln_dds
  coefficients:
    b1: -1.848106
    b2: 1.424209
    b3: -0.001488
    b4: 0.289244
    b5: 0.253525
    b6: 0.003499
    b7: -0.001236
    b8: -0.002875
    b9: -0.580068
    b10: 0.235707
    b11: -0.055862
  dbh_bounds:
    lower_limit: 998.0
    upper_limit: 999.0
volume:
  pulpwood:
    min_dbh: 6
    top_diameter: 4
  sawtimber:
    min_dbh: 10
    top_diameter: 7
