metadata:
  code: BG
  fia_code: 693
  scientific_name: Nyssa sylvatica
  common_name: black gum
  valid_site_species: true
site_index:
  min: 35
  max: 105
  site_index_group: 3
  height_growth_equation: 'NC-128: 693'
density:
  sdi_max: 450
height_diameter:
  model: curtis_arney
  curtis_arney:
    p2: 319.9788466
    p3: 3.67313408
    p4: -0.30651323
    dbw: 0.2
  wykoff:
    b1: 4.3802
    b2: -4.7903
bark_ratio:
  b1: -0.45
  b2: 0.9
crown_ratio:
  equation: 4.3.1.5
  d0: 41.01
  d1: null
  d2: -0.21
  weibull:
    a: 5.0
    b0: -15.1643
    b1: 1.9983
    c: 3.0081
diameter_growth:
  model: ln_dds
  coefficients:
    b1: -1.508549
    b2: 1.306362
    b3: -0.000576
    b4: 0.112403
    b5: 0.121169
    b6: 0.003356
    b7: -0.002482
    b8: -0.001013
    b9: -0.296628
    b10: -0.131968
    b11: -0.031596
  dbh_bounds:
    lower_limit: 998.0
    upper_limit: 999.0
volume:
  pulpwood:
    min_dbh: 6
    top_diameter: 4
  sawtimber:
    min_dbh: 10
    top_diameter: 7
