metadata:
  code: BN
  fia_code: 601
  scientific_name: Juglans cinerea
  common_name: butternut
  valid_site_species: true
site_index:
  min: 35
  max: 85
  site_index_group: 3
  height_growth_equation: 'NC-128: 601'
density:
  sdi_max: 450
height_diameter:
  model: curtis_arney
  curtis_arney:
    p2: 285.8797853
    p3: 3.52138815
    p4: -0.3193688
    dbw: 0.3
  wykoff:
    b1: 4.5018
    b2: -5.6123
bark_ratio:
  b1: -0.45
  b2: 0.9
crown_ratio:
  equation: 4.3.1.4
  d0: 3.91
  d1: -0.12
  d2: null
  weibull:
    a: 4.2967
    b0: -17.7977
    b1: 1.3186
    c: 3.0386
diameter_growth:
  model: ln_dds
  coefficients:
    b1: -2.35419
    b2: 1.050171
    b3: -0.000154
    b4: 0.425328
    b5: 0.616257
    b6: 0.001348
    b7: -0.000564
    b8: -0.000588
    b9: 0.133415
    b10: -0.209729
    b11: 0.014948
  dbh_bounds:
    lower_limit: 30.0
    upper_limit: 36.0
volume:
  pulpwood:
    min_dbh: 6
    top_diameter: 4
  sawtimber:
    min_dbh: 10
    top_diameter: 7
