metadata:
  code: BT
  fia_code: 741
  scientific_name: Populus grandidentata
  common_name: bigtooth aspen
  valid_site_species: true
site_index:
  min: 30
  max: 90
  site_index_group: 3
  height_growth_equation: 'NC-128: 741'
density:
  sdi_max: 450
height_diameter:
  model: curtis_arney
  curtis_arney:
    p2: 66.6488871
    p3: 135.4825559
    p4: -2.88622709
    dbw: 0.2
  wykoff:
    b1: 4.9396
    b2: -8.1838
bark_ratio:
  b1: -0.25063
  b2: 0.94349
crown_ratio:
  equation: 4.3.1.6
  d0: 48.03
  d1: -13.21
  d2: null
  weibull:
    a: 4.8371
    b0: -14.318
    b1: 1.206
    c: 3.7345
diameter_growth:
  model: ln_dds
  coefficients:
    b1: -1.06898
    b2: 1.164191
    b3: 0.0
    b4: 0.084279
    b5: 0.501307
    b6: 0.0097
    b7: -0.001041
    b8: -0.001349
    b9: 0.075733
    b10: -0.601088
    b11: -0.757088
  dbh_bounds:
    lower_limit: 48.0
    upper_limit: 60.0
volume:
  pulpwood:
    min_dbh: 6
    top_diameter: 4
  sawtimber:
    min_dbh: 10
    top_diameter: 7
