metadata:
  code: BU
  fia_code: 356
  scientific_name: Aesculus octandra
  common_name: buckeye
  valid_site_species: true
site_index:
  min: 25
  max: 90
  site_index_group: 3
  height_growth_equation: 'NC-128: 356'
density:
  sdi_max: 450
height_diameter:
  model: curtis_arney
  curtis_arney:
    p2: 630.9504602
    p3: 4.51086779
    p4: -0.26826208
    dbw: 0.3
  wykoff:
    b1: 4.5697
    b2: -5.7172
bark_ratio:
  b1: -0.45
  b2: 0.9
crown_ratio:
  equation: 4.3.1.6
  d0: 50.0
  d1: -16.0
  d2: null
  weibull:
    a: 4.0
    b0: -6.0
    b1: 1.0
    c: 2.8
diameter_growth:
  model: ln_dds
  coefficients:
    b1: -1.876225
    b2: 1.197048
    b3: -0.000778
    b4: 0.183857
    b5: 0.547747
    b6: 0.010254
    b7: -0.004219
    b8: -0.000586
    b9: -0.178079
    b10: 0.187157
    b11: -0.108544
  dbh_bounds:
    lower_limit: 998.0
    upper_limit: 999.0
volume:
  pulpwood:
    min_dbh: 6
    top_diameter: 4
  sawtimber:
    min_dbh: 10
    top_diameter: 7
