metadata:
  code: CA
  fia_code: 401
  scientific_name: Castanea dentata
  common_name: american chestnut
  valid_site_species: true
site_index:
  min: 30
  max: 90
  site_index_group: 3
  height_growth_equation: 'NC-128: 401'
density:
  sdi_max: 450
height_diameter:
  model: curtis_arney
  curtis_arney:
    p2: 190.9797059
    p3: 3.69278884
    p4: -0.52730469
    dbw: 0.3
  wykoff:
    b1: 4.9396
    b2: -8.1838
bark_ratio:
  b1: -0.45
  b2: 0.9
crown_ratio:
  equation: 4.3.1.6
  d0: 50.0
  d1: -16.0
  d2: null
  weibull:
    a: 4.0
    b0: -6.0
    b1: 1.0
    c: 2.8
diameter_growth:
  model: ln_dds
  coefficients:
    b1: -1.06898
    b2: 1.164191
    b3: 0.0
    b4: 0.084279
    b5: 0.501307
    b6: 0.0097
    b7: -0.001041
    b8: -0.001349
    b9: 0.075733
    b10: -0.601088
    b11: -0.757088
  dbh_bounds:
    lower_limit: 46.5
    upper_limit: 144.0
volume:
  pulpwood:
    min_dbh: 6
    top_diameter: 4
  sawtimber:
    min_dbh: 10
    top_diameter: 7
