metadata:
  code: CK
  fia_code: 131
  scientific_name: Pinus virginiana
  common_name: virginia pine
  valid_site_species: true
site_index:
  min: 35
  max: 75
  site_index_group: 1
  height_growth_equation: 'NC-128: 131'
density:
  sdi_max: 400
height_diameter:
  model: curtis_arney
  curtis_arney:
    p2: 72.7907469
    p3: 3.67065539
    p4: -1.09878979
    dbw: 0.1
  wykoff:
    b1: 4.342
    b2: -5.1193
bark_ratio:
  b1: -0.34225
  b2: 0.93494
crown_ratio:
  acr_equation: 4.3.1.3
  d0: 4.1233
  d1: -0.1279
  d2: -0.0142
  a: 5.0
  b0: -7.5332
  b1: 1.0257
  c: 3.1662
diameter_growth:
  model: ln_dds
  coefficients:
    b1: -2.223515
    b2: 0.937359
    b3: 0.000212
    b4: 0.286311
    b5: 0.733279
    b6: 0.008621
    b7: -0.000299
    b8: -0.001711
    b9: -0.065269
    b10: -0.008808
    b11: 0.471906
  dbh_bounds:
    lower_limit: 37.2
    upper_limit: 72.0
volume:
  pulpwood:
    min_dbh: 6
    top_diameter: 4
  sawtimber:
    min_dbh: 10
    top_diameter: 7
