metadata:
  code: CO
  fia_code: 222
  scientific_name: Taxodium ascendens
  common_name: pond cypress
  valid_site_species: true
site_index:
  min: 25
  max: 115
  site_index_group: 1
  height_growth_equation: 'NC-128: 222'
density:
  sdi_max: 400
height_diameter:
  model: curtis_arney
  curtis_arney:
    p2: 94.54465221
    p3: 3.42034111
    p4: -0.818759
    dbw: 0.2
  wykoff:
    b1: 4.4618
    b2: -4.8786
bark_ratio:
  b1: -0.43197
  b2: 0.9212
crown_ratio:
  acr_equation: 4.3.1.6
  d0: 54.53
  d1: -14.7
  d2: null
  a: 5.0
  b0: -9.7922
  b1: 1.0728
  c: 3.634
diameter_growth:
  model: ln_dds
  coefficients:
    b1: -2.900655
    b2: 1.34735
    b3: -0.000533
    b4: 0.300133
    b5: 0.597032
    b6: 0.008415
    b7: -0.001112
    b8: -0.001536
    b9: -0.133852
    b10: -0.05605
    b11: 0.003947
  dbh_bounds:
    lower_limit: 998.0
    upper_limit: 999.0
volume:
  pulpwood:
    min_dbh: 6
    top_diameter: 4
  sawtimber:
    min_dbh: 10
    top_diameter: 7
