metadata:
  code: CT
  fia_code: 400
  scientific_name: Catalpa bignonioides
  common_name: catalpa
  valid_site_species: true
site_index:
  min: 25
  max: 115
  site_index_group: 3
  height_growth_equation: 'NC-128: 400'
density:
  sdi_max: 450
height_diameter:
  model: curtis_arney
  curtis_arney:
    p2: 660.1996521
    p3: 3.92077102
    p4: -0.21124354
    dbw: 0.2
  wykoff:
    b1: 4.6067
    b2: -5.203
bark_ratio:
  b1: -0.45
  b2: 0.9
crown_ratio:
  equation: 4.3.1.6
  d0: 50.0
  d1: -16.0
  d2: null
  weibull:
    a: 4.0
    b0: -6.0
    b1: 1.0
    c: 2.8
diameter_growth:
  model: ln_dds
  coefficients:
    b1: -1.239592
    b2: 1.06336
    b3: -9.2e-05
    b4: 0.243097
    b5: 0.533202
    b6: -0.003084
    b7: 0.00068
    b8: -0.001643
    b9: -0.308453
    b10: -0.071496
    b11: 0.265688
  dbh_bounds:
    lower_limit: 27.0
    upper_limit: 72.0
volume:
  pulpwood:
    min_dbh: 6
    top_diameter: 4
  sawtimber:
    min_dbh: 10
    top_diameter: 7
