metadata:
  code: FM
  fia_code: 491
  scientific_name: Cornus florida
  common_name: flowering dogwood
  valid_site_species: true
site_index:
  min: 35
  max: 70
  site_index_group: 3
  height_growth_equation: 'NC-128: 491'
density:
  sdi_max: 450
height_diameter:
  model: curtis_arney
  curtis_arney:
    p2: 603.6736175
    p3: 3.9896005
    p4: -0.21651785
    dbw: 0.2
  wykoff:
    b1: 4.3164
    b2: -4.0582
bark_ratio:
  b1: -0.098
  b2: 0.94646
crown_ratio:
  acr_equation: 4.3.1.6
  d0: 53.1867
  d1: -9.4122
  d2: null
  a: 5.0
  b0: -18.634
  b1: 1.2622
  c: 3.6407
diameter_growth:
  model: ln_dds
  coefficients:
    b1: -1.685778
    b2: 1.454506
    b3: -0.000818
    b4: 0.242436
    b5: -0.140837
    b6: 0.00436
    b7: -0.003268
    b8: -0.001923
    b9: -0.339807
    b10: -0.204878
    b11: -0.14711
  dbh_bounds:
    lower_limit: 26.1
    upper_limit: 34.0
volume:
  pulpwood:
    min_dbh: 6
    top_diameter: 4
  sawtimber:
    min_dbh: 10
    top_diameter: 7
