metadata:
  code: GA
  fia_code: 544
  scientific_name: Fraxinus pennsylvanica
  common_name: green ash
  valid_site_species: true
site_index:
  min: 35
  max: 105
  site_index_group: 3
  height_growth_equation: 'NC-128: 544'
density:
  sdi_max: 450
height_diameter:
  model: curtis_arney
  curtis_arney:
    p2: 404.9692122
    p3: 3.39019741
    p4: -0.255096
    dbw: 0.2
  wykoff:
    b1: 4.6155
    b2: -6.2945
bark_ratio:
  b1: -0.34316
  b2: 0.93964
crown_ratio:
  acr_equation: 4.3.1.5
  d0: 35.49
  d1: null
  d2: null
  a: 4.5987
  b0: -16.9647
  b1: 1.3925
  c: 3.3601
diameter_growth:
  model: ln_dds
  coefficients:
    b1: -0.897707
    b2: 1.243091
    b3: 0.0
    b4: 0.090158
    b5: 0.496594
    b6: -0.000465
    b7: -1.0e-06
    b8: -0.00145
    b9: -0.158064
    b10: -0.138225
    b11: -0.081197
  dbh_bounds:
    lower_limit: 37.0
    upper_limit: 48.0
volume:
  pulpwood:
    min_dbh: 6
    top_diameter: 4
  sawtimber:
    min_dbh: 10
    top_diameter: 7
