metadata:
  code: HA
  fia_code: 500
  scientific_name: Crataegus mexicana
  common_name: hawthorn
  valid_site_species: true
site_index:
  min: 15
  max: 65
  site_index_group: 3
  height_growth_equation: 'NC-128: 500'
density:
  sdi_max: 450
height_diameter:
  model: curtis_arney
  curtis_arney:
    p2: 2620.585492
    p3: 5.84993689
    p4: -0.18030935
    dbw: 0.2
  wykoff:
    b1: 4.4931
    b2: -4.6501
bark_ratio:
  b1: -0.45
  b2: 0.9
crown_ratio:
  equation: 4.3.1.3
  d0: 4.4653
  d1: -0.834
  d2: 0.107
  weibull:
    a: 4.7093
    b0: -9.6999
    b1: 1.102
    c: 2.7391
diameter_growth:
  model: ln_dds
  coefficients:
    b1: -2.352258
    b2: 1.746852
    b3: 0.0
    b4: 0.291502
    b5: -1.771604
    b6: 0.003582
    b7: 1.0e-06
    b8: -0.00077
    b9: 0.335703
    b10: -0.657751
    b11: 0.585839
  dbh_bounds:
    lower_limit: 20.5
    upper_limit: 36.0
volume:
  pulpwood:
    min_dbh: 6
    top_diameter: 4
  sawtimber:
    min_dbh: 10
    top_diameter: 7
