metadata:
  code: HI
  fia_code: 400
  scientific_name: Carya species
  common_name: hickory species
  valid_site_species: true
site_index:
  min: 25
  max: 85
  site_index_group: 3
  height_growth_equation: 'NC-128: 400'
density:
  sdi_max: 450
height_diameter:
  model: curtis_arney
  curtis_arney:
    p2: 337.6684758
    p3: 3.62726466
    p4: -0.32083172
    dbw: 0.3
  wykoff:
    b1: 4.5128
    b2: -4.9918
bark_ratio:
  b1: -0.60912
  b2: 0.94347
crown_ratio:
  equation: 4.3.1.3
  d0: 3.9939
  d1: -0.2117
  d2: 0.0238
  weibull:
    a: 5.0
    b0: -29.1096
    b1: 1.5626
    c: 3.531
diameter_growth:
  model: ln_dds
  coefficients:
    b1: -2.728289
    b2: 1.548449
    b3: -0.000761
    b4: 0.203837
    b5: 0.570012
    b6: 0.004399
    b7: -0.003339
    b8: -0.001029
    b9: -0.245761
    b10: 0.055798
    b11: 0.080648
  dbh_bounds:
    lower_limit: 998.0
    upper_limit: 999.0
volume:
  pulpwood:
    min_dbh: 6
    top_diameter: 4
  sawtimber:
    min_dbh: 10
    top_diameter: 7
