metadata:
  code: HM
  fia_code: 261
  scientific_name: Tsuga canadensis
  common_name: eastern hemlock
  valid_site_species: true
site_index:
  min: 35
  max: 90
  site_index_group: 1
  height_growth_equation: 'NC-128: 261'
density:
  sdi_max: 400
height_diameter:
  model: curtis_arney
  curtis_arney:
    p2: 266.4562239
    p3: 3.99313675
    p4: -0.38600287
    dbw: 0.1
  wykoff:
    b1: 4.5084
    b2: -6.0116
bark_ratio:
  b1: -0.45
  b2: 0.9
crown_ratio:
  equation: 4.3.1.5
  d0: 63.51
  d1: null
  d2: -0.09
  weibull:
    a: 4.0659
    b0: -6.8708
    b1: 1.051
    c: 4.1741
diameter_growth:
  model: ln_dds
  coefficients:
    b1: -2.267851
    b2: 1.442529
    b3: -0.000548
    b4: 0.568468
    b5: -0.403762
    b6: -0.001151
    b7: -0.000824
    b8: -0.002503
    b9: -0.241407
    b10: 0.066508
    b11: 0.086959
  dbh_bounds:
    lower_limit: 39.3
    upper_limit: 84.0
volume:
  pulpwood:
    min_dbh: 6
    top_diameter: 4
  sawtimber:
    min_dbh: 10
    top_diameter: 7
