metadata:
  code: LB
  fia_code: 571
  scientific_name: Gordonia lasianthus
  common_name: loblolly bay
  valid_site_species: true
site_index:
  min: 15
  max: 50
  site_index_group: 3
  height_growth_equation: 'NC-128: 571'
density:
  sdi_max: 450
height_diameter:
  model: curtis_arney
  curtis_arney:
    p2: 265.7422693
    p3: 3.59041788
    p4: -0.35232417
    dbw: 0.2
  wykoff:
    b1: 4.4009
    b2: -5.056
bark_ratio:
  b1: -0.45
  b2: 0.9
crown_ratio:
  equation: 4.3.1.6
  d0: 50.0
  d1: -16.0
  d2: null
  weibull:
    a: 4.0
    b0: -6.0
    b1: 1.0
    c: 2.8
diameter_growth:
  model: ln_dds
  coefficients:
    b1: -2.514589
    b2: 1.459672
    b3: -0.001317
    b4: 0.654209
    b5: 0.106808
    b6: -0.003582
    b7: -0.000311
    b8: -0.002192
    b9: -3.469125
    b10: -10.149549
    b11: 1.404412
  dbh_bounds:
    lower_limit: 28.1
    upper_limit: 33.4
volume:
  pulpwood:
    min_dbh: 6
    top_diameter: 4
  sawtimber:
    min_dbh: 10
    top_diameter: 7
