metadata:
  code: LK
  fia_code: 806
  scientific_name: Quercus laurifolia
  common_name: laurel oak
  valid_site_species: true
site_index:
  min: 25
  max: 65
  site_index_group: 3
  height_growth_equation: 'NC-128: 806'
density:
  sdi_max: 450
height_diameter:
  model: curtis_arney
  curtis_arney:
    p2: 208.2300233
    p3: 3.13834277
    p4: -0.37158262
    dbw: 0.1
  wykoff:
    b1: 4.4375
    b2: -4.6654
bark_ratio:
  b1: -0.04612
  b2: 0.93127
crown_ratio:
  acr_equation: 4.3.1.6
  d0: 54.36
  d1: -11.3181
  d2: null
  a: 4.6329
  b0: -1.2977
  b1: 0.9438
  c: 3.2263
diameter_growth:
  model: ln_dds
  coefficients:
    b1: -1.561284
    b2: 1.335456
    b3: -0.000412
    b4: 0.246163
    b5: 0.381808
    b6: 0.004714
    b7: -0.001526
    b8: -0.002253
    b9: -0.704548
    b10: 0.421803
    b11: 0.296509
  dbh_bounds:
    lower_limit: 48.1
    upper_limit: 84.0
volume:
  pulpwood:
    min_dbh: 6
    top_diameter: 4
  sawtimber:
    min_dbh: 10
    top_diameter: 7
