metadata:
  code: OH
  fia_code: 999
  scientific_name: Hardwood species
  common_name: other hardwood
  valid_site_species: true
site_index:
  min: 15
  max: 55
  site_index_group: 3
  height_growth_equation: 'NC-128: 999'
density:
  sdi_max: 450
height_diameter:
  model: curtis_arney
  curtis_arney:
    p2: 109.7324294
    p3: 2.25025802
    p4: -0.41297463
    dbw: 0.2
  wykoff:
    b1: 3.9392
    b2: -3.4279
bark_ratio:
  b1: -0.45
  b2: 0.9
crown_ratio:
  equation: 4.3.1.6
  d0: 50.0
  d1: -16.0
  d2: null
  weibull:
    a: 4.0
    b0: -6.0
    b1: 1.0
    c: 2.8
diameter_growth:
  model: ln_dds
  coefficients:
    b1: -1.431973
    b2: 1.452294
    b3: -0.001475
    b4: 0.061077
    b5: -0.208915
    b6: 0.004856
    b7: -0.003145
    b8: 1.0e-06
    b9: -0.422675
    b10: -0.236535
    b11: 0.201149
  dbh_bounds:
    lower_limit: 998.0
    upper_limit: 999.0
volume:
  pulpwood:
    min_dbh: 6
    top_diameter: 4
  sawtimber:
    min_dbh: 10
    top_diameter: 7
