metadata:
  code: OS
  fia_code: 299
  scientific_name: Softwood species
  common_name: other softwood
  valid_site_species: true
site_index:
  min: 15
  max: 55
  site_index_group: 3
  height_growth_equation: 'NC-128: 299'
density:
  sdi_max: 450
height_diameter:
  model: curtis_arney
  curtis_arney:
    p2: 212.7932729
    p3: 3.47154903
    p4: -0.3258523
    dbw: 0.3
  wykoff:
    b1: 4.3898
    b2: -5.7183
bark_ratio:
  b1: -0.38344
  b2: 0.91915
crown_ratio:
  acr_equation: 4.3.1.5
  d0: 67.64
  d1: null
  d2: -2.25
  a: 2.4435
  b0: -32.4837
  b1: 1.6503
  c: 2.6518
diameter_growth:
  model: ln_dds
  coefficients:
    b1: -1.864431
    b2: 1.403065
    b3: -0.001237
    b4: 0.273616
    b5: 0.177408
    b6: -0.000374
    b7: -0.00362
    b8: -0.00189
    b9: -0.231988
    b10: 0.077542
    b11: -0.025792
  dbh_bounds:
    lower_limit: 24.1
    upper_limit: 29.0
volume:
  pulpwood:
    min_dbh: 6
    top_diameter: 4
  sawtimber:
    min_dbh: 10
    top_diameter: 7
