metadata:
  code: OV
  fia_code: 813
  scientific_name: Quercus lyrata
  common_name: overcup oak
  valid_site_species: true
site_index:
  min: 35
  max: 95
  site_index_group: 3
  height_growth_equation: 'NC-128: 813'
density:
  sdi_max: 450
height_diameter:
  model: curtis_arney
  curtis_arney:
    p2: 184.0856396
    p3: 3.49535241
    p4: -0.46211544
    dbw: 0.2
  wykoff:
    b1: 4.571
    b2: -6.0922
bark_ratio:
  b1: -0.45
  b2: 0.9
crown_ratio:
  equation: 4.3.1.6
  d0: 50.0
  d1: -16.0
  d2: null
  weibull:
    a: 4.0
    b0: -6.0
    b1: 1.0
    c: 2.8
diameter_growth:
  model: ln_dds
  coefficients:
    b1: -0.947174
    b2: 1.37635
    b3: -0.000482
    b4: 0.099697
    b5: 0.427943
    b6: 0.00128
    b7: -0.001416
    b8: -0.002636
    b9: -0.666854
    b10: -0.977891
    b11: -0.311322
  dbh_bounds:
    lower_limit: 48.0
    upper_limit: 60.0
volume:
  pulpwood:
    min_dbh: 6
    top_diameter: 4
  sawtimber:
    min_dbh: 10
    top_diameter: 7
