metadata:
  code: PD
  fia_code: 126
  scientific_name: Pinus rigida
  common_name: pitch pine
  valid_site_species: true
site_index:
  min: 35
  max: 105
  site_index_group: 1
  height_growth_equation: 'NC-128: 126'
density:
  sdi_max: 400
height_diameter:
  model: curtis_arney
  curtis_arney:
    p2: 142.7468108
    p3: 3.97260802
    p4: -0.5870983
    dbw: 0.5
  wykoff:
    b1: 4.5457
    b2: -6.8
bark_ratio:
  b1: -0.45
  b2: 0.9
crown_ratio:
  equation: 4.3.1.6
  d0: 50.0
  d1: -16.0
  d2: null
  weibull:
    a: 4.0
    b0: -6.0
    b1: 1.0
    c: 2.8
diameter_growth:
  model: ln_dds
  coefficients:
    b1: -2.353114
    b2: 1.425614
    b3: -0.001694
    b4: 0.455833
    b5: -0.198222
    b6: 0.007876
    b7: -0.003001
    b8: -0.00451
    b9: 0.685018
    b10: -2.907934
    b11: 1.683401
  dbh_bounds:
    lower_limit: 28.7
    upper_limit: 40.0
volume:
  pulpwood:
    min_dbh: 6
    top_diameter: 4
  sawtimber:
    min_dbh: 10
    top_diameter: 7
