metadata:
  code: PS
  fia_code: 521
  scientific_name: Diospyros virginiana
  common_name: persimmon
  valid_site_species: true
site_index:
  min: 15
  max: 70
  site_index_group: 3
  height_growth_equation: 'NC-128: 521'
density:
  sdi_max: 450
height_diameter:
  model: curtis_arney
  curtis_arney:
    p2: 488.9349192
    p3: 4.06503751
    p4: -0.27180547
    dbw: 0.2
  wykoff:
    b1: 4.4091
    b2: -4.8464
bark_ratio:
  b1: -0.42001
  b2: 0.94264
crown_ratio:
  acr_equation: 4.3.1.3
  d0: 3.8415
  d1: -0.2879
  d2: 0.0297
  a: 4.7093
  b0: -9.6999
  b1: 1.102
  c: 2.7391
diameter_growth:
  model: ln_dds
  coefficients:
    b1: -2.524455
    b2: 1.479865
    b3: -0.001512
    b4: 0.289171
    b5: 0.243575
    b6: 0.003369
    b7: -0.001319
    b8: -0.002784
    b9: -0.327799
    b10: -0.200696
    b11: -0.145939
  dbh_bounds:
    lower_limit: 22.4
    upper_limit: 27.0
volume:
  pulpwood:
    min_dbh: 6
    top_diameter: 4
  sawtimber:
    min_dbh: 10
    top_diameter: 7
