metadata:
  code: SA
  fia_code: 111
  plants_symbol: PIEL
  scientific_name: Pinus elliottii
  common_name: slash pine
  valid_site_species: true
site_index:
  min: 35
  max: 105
  site_index_group: 1
  height_growth_equation: 'NC-128: 111/99'
density:
  sdi_max: 385
height_diameter:
  model: curtis_arney
  curtis_arney:
    p2: 1087.101439
    p3: 5.10450596
    p4: -0.24284896
    dbw: 0.5
  wykoff:
    b1: 4.6561
    b2: -6.2258
bark_ratio:
  b1: -0.55073
  b2: 0.91887
crown_ratio:
  acr_equation: 4.3.1.6
  d0: 42.8255
  d1: -15.0135
  d2: null
  a: 3.894
  b0: -4.7342
  b1: 0.9786
  c: 2.9082
diameter_growth:
  model: ln_dds
  coefficients:
    b1: -1.641698
    b2: 1.461093
    b3: -0.00253
    b4: 0.265872
    b5: 0.069104
    b6: 0.006851
    b7: -0.002939
    b8: -0.004873
    b9: -0.018479
    b10: -0.193157
    b11: -0.251016
  dbh_bounds:
    lower_limit: 998.0
    upper_limit: 999.0
volume:
  pulpwood:
    min_dbh: 6
    top_diameter: 4
  sawtimber:
    min_dbh: 10
    top_diameter: 7
