metadata:
  code: SB
  fia_code: 375
  scientific_name: Betula lenta
  common_name: sweet birch
  valid_site_species: true
site_index:
  min: 35
  max: 70
  site_index_group: 3
  height_growth_equation: 'NC-128: 375'
density:
  sdi_max: 450
height_diameter:
  model: curtis_arney
  curtis_arney:
    p2: 68.92234069
    p3: 43.33832185
    p4: -2.44448482
    dbw: 0.1
  wykoff:
    b1: 4.4522
    b2: -4.5758
bark_ratio:
  b1: -0.45
  b2: 0.9
crown_ratio:
  equation: 4.3.1.6
  d0: 50.0
  d1: -16.0
  d2: null
  weibull:
    a: 4.0
    b0: -6.0
    b1: 1.0
    c: 2.8
diameter_growth:
  model: ln_dds
  coefficients:
    b1: -1.092055
    b2: 1.024946
    b3: -0.000653
    b4: 0.20677
    b5: 0.489441
    b6: 0.002354
    b7: -0.002005
    b8: -0.001848
    b9: -0.192793
    b10: -0.112449
    b11: 0.113349
  dbh_bounds:
    lower_limit: 998.0
    upper_limit: 999.0
volume:
  pulpwood:
    min_dbh: 6
    top_diameter: 4
  sawtimber:
    min_dbh: 10
    top_diameter: 7
