metadata:
  code: SD
  fia_code: 107
  scientific_name: Pinus clausa
  common_name: sand pine
  valid_site_species: true
site_index:
  min: 15
  max: 70
  site_index_group: 1
  height_growth_equation: 'NC-128: 107'
density:
  sdi_max: 400
height_diameter:
  model: curtis_arney
  curtis_arney:
    p2: 690.4917743
    p3: 4.15983216
    p4: -0.18613455
    dbw: 0.2
  wykoff:
    b1: 4.1352
    b2: -3.745
bark_ratio:
  b1: -0.45
  b2: 0.9
crown_ratio:
  equation: 4.3.1.5
  d0: 38.71
  d1: null
  d2: -0.1
  weibull:
    a: 4.8677
    b0: -22.5591
    b1: 1.424
    c: 2.8686
diameter_growth:
  model: ln_dds
  coefficients:
    b1: -3.18004
    b2: 1.35579
    b3: -0.000784
    b4: 0.532236
    b5: 0.077021
    b6: 0.00517
    b7: -0.002389
    b8: -0.000797
    b9: -0.29268
    b10: 0.050523
    b11: -0.008687
  dbh_bounds:
    lower_limit: 16.7
    upper_limit: 24.0
volume:
  pulpwood:
    min_dbh: 6
    top_diameter: 4
  sawtimber:
    min_dbh: 10
    top_diameter: 7
