metadata:
  code: SK
  fia_code: 802
  scientific_name: Quercus bicolor
  common_name: swamp oak
  valid_site_species: true
site_index:
  min: 25
  max: 115
  site_index_group: 3
  height_growth_equation: 'NC-128: 802'
density:
  sdi_max: 450
height_diameter:
  model: curtis_arney
  curtis_arney:
    p2: 150.4300023
    p3: 3.13270999
    p4: -0.49925872
    dbw: 0.1
  wykoff:
    b1: 4.5142
    b2: -5.2205
bark_ratio:
  b1: -0.45
  b2: 0.9
crown_ratio:
  equation: 4.3.1.6
  d0: 50.0
  d1: -16.0
  d2: null
  weibull:
    a: 4.0
    b0: -6.0
    b1: 1.0
    c: 2.8
diameter_growth:
  model: ln_dds
  coefficients:
    b1: -0.783581
    b2: 1.432483
    b3: -0.000412
    b4: 0.04446
    b5: 0.241383
    b6: 0.003012
    b7: -0.003263
    b8: -0.001913
    b9: -0.312121
    b10: 0.051221
    b11: 0.109366
  dbh_bounds:
    lower_limit: 42.3
    upper_limit: 84.0
volume:
  pulpwood:
    min_dbh: 6
    top_diameter: 4
  sawtimber:
    min_dbh: 10
    top_diameter: 7
