metadata:
  code: SN
  fia_code: 131
  scientific_name: Pinus taeda
  common_name: loblolly pine
  valid_site_species: true
site_index:
  min: 35
  max: 95
  site_index_group: 1
  height_growth_equation: 'NC-128: 131'
density:
  sdi_max: 400
height_diameter:
  model: curtis_arney
  curtis_arney:
    p2: 281.3413276
    p3: 3.51695826
    p4: -0.3336282
    dbw: 0.2
  wykoff:
    b1: 4.6135
    b2: -5.7613
bark_ratio:
  b1: -0.49699
  b2: 0.94832
crown_ratio:
  acr_equation: 4.3.1.3
  d0: 3.9344
  d1: -0.0845
  d2: 0.0043
  a: 4.4764
  b0: -18.7445
  b1: 1.3539
  c: 3.8384
diameter_growth:
  model: ln_dds
  coefficients:
    b1: -1.321662
    b2: 1.640507
    b3: -0.000285
    b4: 0.038193
    b5: 0.086499
    b6: 0.005844
    b7: -0.004171
    b8: -0.001962
    b9: -1.251051
    b10: -0.342161
    b11: 0.077775
  dbh_bounds:
    lower_limit: 47.2
    upper_limit: 108.0
volume:
  pulpwood:
    min_dbh: 6
    top_diameter: 4
  sawtimber:
    min_dbh: 10
    top_diameter: 7
crown_width:
  forest_grown:
    equation_number: '83201'
    a1: 2.148
    a2: 1.6928
    a3: -0.0176
    a4: 0.0569
    a5: null
    bounds: DBH < 50
  open_grown:
    equation_number: '83201'
    a1: 2.148
    a2: 1.6928
    a3: -0.0176
    a4: 0.0569
    a5: null
    bounds: DBH < 50
