metadata:
  code: SP
  fia_code: 110
  plants_symbol: PIEC2
  scientific_name: Pinus echinata
  common_name: shortleaf pine
  valid_site_species: true
site_index:
  min: 30
  max: 110
  site_index_group: 1
  height_growth_equation: 'NC-128: 110/25'
density:
  sdi_max: 400
height_diameter:
  model: curtis_arney
  curtis_arney:
    p2: 444.0921666
    p3: 4.11876312
    p4: -0.30617043
    dbw: 0.5
  fort_bragg:
    p2: 128.4
    p3: 6.103
    p4: -0.791
    dbw: 0.5
  wykoff:
    b1: 4.6271
    b2: -6.4095
    fort_bragg_b1: 4.904
    fort_bragg_b2: -10.084
bark_ratio:
  b1: -0.43531
  b2: 0.90368
crown_ratio:
  equation: 4.3.1.6
  d0: 53.0673
  d1: -18.5878
  d2: null
  weibull:
    a: 3.9695
    b0: -5.9645
    b1: 1.026
    c: 2.7678
diameter_growth:
  model: ln_dds
  coefficients:
    b1: -0.008942
    b2: 1.23817
    b3: -0.00117
    b4: 0.053076
    b5: 0.040334
    b6: 0.004723
    b7: -0.004394
    b8: -0.003271
    b9: -0.704687
    b10: 0.127667
    b11: 0.028391
  dbh_bounds:
    lower_limit: 998.0
    upper_limit: 999.0
volume:
  pulpwood:
    min_dbh: 6
    top_diameter: 4
  sawtimber:
    min_dbh: 10
    top_diameter: 7
