metadata:
  code: SS
  fia_code: 951
  scientific_name: Tilia americana
  common_name: basswood
  valid_site_species: true
site_index:
  min: 15
  max: 80
  site_index_group: 3
  height_growth_equation: 'NC-128: 951'
density:
  sdi_max: 450
height_diameter:
  model: curtis_arney
  curtis_arney:
    p2: 755.1038099
    p3: 4.39496421
    p4: -0.21778831
    dbw: 0.1
  wykoff:
    b1: 4.3383
    b2: -4.5018
bark_ratio:
  b1: -0.45
  b2: 0.9
crown_ratio:
  equation: 4.3.1.5
  d0: 38.85
  d1: null
  d2: -0.99
  weibull:
    a: 4.9082
    b0: -11.2413
    b1: 1.1519
    c: 2.4971
diameter_growth:
  model: ln_dds
  coefficients:
    b1: -1.745126
    b2: 1.31334
    b3: -0.000179
    b4: 0.201048
    b5: 0.542693
    b6: 0.004206
    b7: -0.002593
    b8: -0.000345
    b9: -0.01334
    b10: -0.021681
    b11: -0.069965
  dbh_bounds:
    lower_limit: 25.6
    upper_limit: 31.6
volume:
  pulpwood:
    min_dbh: 6
    top_diameter: 4
  sawtimber:
    min_dbh: 10
    top_diameter: 7
