metadata:
  code: SU
  fia_code: 611
  plants_symbol: LIST2
  scientific_name: Liquidambar styraciflua
  common_name: sweetgum
  valid_site_species: true
site_index:
  min: 40
  max: 120
  site_index_group: 3
  height_growth_equation: 'NC-128: 611'
density:
  sdi_max: 465
height_diameter:
  model: curtis_arney
  curtis_arney:
    p2: 290.90548
    p3: 3.6239536
    p4: -0.3720123
    dbw: 0.2
  wykoff:
    b1: 4.592
    b2: -5.1719
bark_ratio:
  b1: -0.39271
  b2: 0.95997
crown_ratio:
  equation: 4.3.1.3
  d0: 3.8153
  d1: -0.0964
  d2: 0.0055
  weibull:
    a: 4.635
    b0: -39.7348
    b1: 1.9132
    c: 3.0574
diameter_growth:
  model: ln_dds
  coefficients:
    b1: -1.324147
    b2: 1.395884
    b3: -0.00049
    b4: 0.145539
    b5: 0.256765
    b6: 0.001993
    b7: -0.002978
    b8: -0.00194
    b9: -0.502977
    b10: 0.141477
    b11: 0.003549
  dbh_bounds:
    lower_limit: 39.6
    upper_limit: 60.0
volume:
  pulpwood:
    min_dbh: 6
    top_diameter: 4
  sawtimber:
    min_dbh: 10
    top_diameter: 7
