metadata:
  code: TM
  fia_code: 71
  scientific_name: Larix laricina
  common_name: tamarack
  valid_site_species: true
site_index:
  min: 35
  max: 70
  site_index_group: 1
  height_growth_equation: 'NC-128: 71'
density:
  sdi_max: 400
height_diameter:
  model: curtis_arney
  curtis_arney:
    p2: 691.5411919
    p3: 4.19801014
    p4: -0.1856823
    dbw: 0.5
  wykoff:
    b1: 4.2139
    b2: -4.5419
bark_ratio:
  b1: 0.05119
  b2: 0.89372
crown_ratio:
  equation: 4.3.1.6
  d0: 45.8231
  d1: -13.8999
  d2: null
  weibull:
    a: 3.919
    b0: 1.2933
    b1: 0.7986
    c: 2.9202
diameter_growth:
  model: ln_dds
  coefficients:
    b1: -2.600803
    b2: 1.525435
    b3: -0.003519
    b4: 0.615731
    b5: 0.059646
    b6: 0.001033
    b7: -0.002304
    b8: -0.002716
    b9: -0.217771
    b10: 0.018819
    b11: -0.052142
  dbh_bounds:
    lower_limit: 18.7
    upper_limit: 28.0
volume:
  pulpwood:
    min_dbh: 6
    top_diameter: 4
  sawtimber:
    min_dbh: 10
    top_diameter: 7
