metadata:
  code: WE
  fia_code: 971
  scientific_name: Ulmus americana
  common_name: white elm
  valid_site_species: true
site_index:
  min: 35
  max: 90
  site_index_group: 3
  height_growth_equation: 'NC-128: 971'
density:
  sdi_max: 450
height_diameter:
  model: curtis_arney
  curtis_arney:
    p2: 1001.672885
    p3: 4.57310438
    p4: -0.18898217
    dbw: 0.1
  wykoff:
    b1: 4.5992
    b2: -7.7428
bark_ratio:
  b1: -0.45
  b2: 0.9
crown_ratio:
  equation: 4.3.1.6
  d0: 50.0
  d1: -16.0
  d2: null
  weibull:
    a: 4.0
    b0: -6.0
    b1: 1.0
    c: 2.8
diameter_growth:
  model: ln_dds
  coefficients:
    b1: -0.790138
    b2: 0.949707
    b3: 0.0
    b4: 0.100266
    b5: 0.348136
    b6: 0.00436
    b7: -0.002975
    b8: -0.00103
    b9: -0.439374
    b10: 0.272172
    b11: 0.248287
  dbh_bounds:
    lower_limit: 23.9
    upper_limit: 27.0
volume:
  pulpwood:
    min_dbh: 6
    top_diameter: 4
  sawtimber:
    min_dbh: 10
    top_diameter: 7
