metadata:
  code: WO
  fia_code: 802
  plants_symbol: QUAL
  scientific_name: Quercus alba
  common_name: white oak
  valid_site_species: true
site_index:
  min: 25
  max: 115
  site_index_group: 9
  height_growth_equation: 'NC-128: Upland Oak/52'
density:
  sdi_max: 361
height_diameter:
  model: curtis_arney
  curtis_arney:
    p2: 170.1330787
    p3: 3.27815866
    p4: -0.48744214
    dbw: 0.2
  wykoff:
    b1: 4.5463
    b2: -5.2287
bark_ratio:
  b1: -0.24096
  b2: 0.93789
crown_ratio:
  equation: 4.3.1.4
  d0: 4.05
  d1: -0.12
  d2: null
  weibull:
    a: 5.0
    b0: -16.0927
    b1: 1.2319
    c: 3.5016
diameter_growth:
  model: ln_dds
  coefficients:
    b1: -1.608339
    b2: 1.468589
    b3: -0.000778
    b4: 0.139456
    b5: 0.358369
    b6: 0.00453
    b7: -0.002807
    b8: -0.002269
    b9: -0.223273
    b10: 0.008526
    b11: -0.032889
  dbh_bounds:
    lower_limit: 998.0
    upper_limit: 999.0
volume:
  pulpwood:
    min_dbh: 6
    top_diameter: 4
  sawtimber:
    min_dbh: 10
    top_diameter: 7
