metadata:
  code: YP
  fia_code: 611
  scientific_name: Liriodendron tulipifera
  common_name: yellow poplar
  valid_site_species: true
site_index:
  min: 30
  max: 135
  site_index_group: 3
  height_growth_equation: 'NC-128: 611'
density:
  sdi_max: 450
height_diameter:
  model: curtis_arney
  curtis_arney:
    p2: 625.7696614
    p3: 3.87320571
    p4: -0.23349496
    dbw: 0.2
  wykoff:
    b1: 4.6892
    b2: -4.9605
bark_ratio:
  b1: -0.22976
  b2: 0.92408
crown_ratio:
  equation: 4.3.1.4
  d0: 3.87
  d1: -0.07
  d2: null
  weibull:
    a: 4.9948
    b0: -11.109
    b1: 1.1089
    c: 3.8822
diameter_growth:
  model: ln_dds
  coefficients:
    b1: -2.513351
    b2: 1.495351
    b3: -0.000756
    b4: 0.530123
    b5: 0.161718
    b6: 0.000746
    b7: -0.001839
    b8: -0.002217
    b9: -0.321777
    b10: -0.001645
    b11: 0.064815
  dbh_bounds:
    lower_limit: 998.0
    upper_limit: 999.0
volume:
  pulpwood:
    min_dbh: 6
    top_diameter: 4
  sawtimber:
    min_dbh: 10
    top_diameter: 7
