species: loblolly_pine
height_diameter:
  p2: 243.860648
  p3: 4.28460566
  p4: -0.47130185
  Dbw: 0.5
crown:
  bark_ratio_b1: -0.4814
  bark_ratio_b2: 0.91413
  a1: 0.738
  a2: 0.245
  a3: 0.000809
small_tree_growth:
  c1: 1.1421
  c2: 1.0042
  c3: -0.0374
  c4: 0.7632
  c5: 0.0358
large_tree_growth:
  b1: 0.222214
  b2: 1.16304
  b3: -0.000863
  b4: 0.028483
  b5: 0.006935
  b6: 0.005018
  b7: 0.0
  b8: 0.0
  b9: 0.0
  b10: 0.0
  b11: 0.0
  forest_type_factor: 0.0
  ecounit_factor: 0.0
  planting_factor: 0.245669
transition:
  Xmin: 1.0
  Xmax: 3.0
stand_init:
  initial_tpa: 500
  initial_dbh_mean: 0.5
  initial_dbh_sd: 0.1
  initial_height: 1.0
  site_index: 70
mortality:
  background_rate: 0.005
  max_sdi: 450
  competition_threshold: 0.55
volume:
  form_factor: 0.48
